1743102759821 86.53778076171875 0
1743103263529 51.888214111328125 1
1743103779910 32.64825439453125 2
1743104286865 21.79697036743164 3
1743104792399 15.260772705078125 4
1743105345436 11.12782096862793 5
1743105839627 8.570537567138672 6
1743106333045 6.755021095275879 7
1743106818734 5.505431175231934 8
1743107368327 4.568458080291748 9
1743107858366 3.8836162090301514 10
1743108348951 3.350440502166748 11
1743108836056 2.924285888671875 12
1743109323681 2.5842716693878174 13
1743109813822 2.310781478881836 14
1743110302480 2.101949691772461 15
1743110833730 1.9242067337036133 16
1743111325401 1.7943952083587646 17
1743111846167 1.6598281860351562 18
1743112335934 1.5479592084884644 19
1743112829113 1.4613643884658813 20
1743113380479 1.3911539316177368 21
1743113909028 1.3147385120391846 22
1743114436433 1.255184292793274 23
1743114971385 1.212812066078186 24
1743115512642 1.1705783605575562 25
1743116052225 1.145803689956665 26
1743116590460 1.1425390243530273 27
1743117127777 1.08881676197052 28
1743117667316 1.0549625158309937 29
1743118203096 1.0309211015701294 30
1743118744031 1.0255483388900757 31
1743119351548 1.0246959924697876 32
1743119889139 0.9929127097129822 33
1743120427321 1.0207027196884155 34
1743121047778 0.9681342840194702 35
1743121537825 0.9516980648040771 36
1743122026281 0.9911863803863525 37
1743122523184 0.927741289138794 38
1743123012056 0.9371731281280518 39
1743123560851 0.9254367351531982 40
1743124052613 0.923489511013031 41
1743124542870 0.9056549668312073 42
1743125032895 0.9081397652626038 43
1743125522721 0.9462214708328247 44
1743126012590 0.905227780342102 45
1743126500583 0.9052045345306396 46
1743126992480 0.8788629770278931 47
1743127480729 0.8716423511505127 48
1743127976254 0.8714289665222168 49
1743128700209 0.8646497130393982 50
1743129431935 0.8613297939300537 51
1743130415125 0.8615025281906128 52
1743131249019 0.8496197462081909 53
1743132163450 0.8527899980545044 54
1743132967536 0.8454618453979492 55
1743133462251 0.8425581455230713 56
1743133992012 0.8574480414390564 57
