1743102759821 0.0010000000474974513 0
1743103263529 0.0010000000474974513 1
1743103779910 0.0010000000474974513 2
1743104286865 0.0010000000474974513 3
1743104792399 0.0010000000474974513 4
1743105345436 0.0010000000474974513 5
1743105839627 0.0010000000474974513 6
1743106333045 0.0010000000474974513 7
1743106818734 0.0010000000474974513 8
1743107368327 0.0010000000474974513 9
1743107858366 0.0010000000474974513 10
1743108348951 0.0010000000474974513 11
1743108836056 0.0010000000474974513 12
1743109323681 0.0010000000474974513 13
1743109813822 0.0010000000474974513 14
1743110302480 0.0010000000474974513 15
1743110833730 0.0010000000474974513 16
1743111325401 0.0010000000474974513 17
1743111846167 0.0010000000474974513 18
1743112335934 0.0010000000474974513 19
1743112829113 0.0010000000474974513 20
1743113380479 0.0010000000474974513 21
1743113909028 0.0010000000474974513 22
1743114436433 0.0010000000474974513 23
1743114971385 0.0010000000474974513 24
1743115512642 0.0010000000474974513 25
1743116052225 0.0010000000474974513 26
1743116590460 0.0010000000474974513 27
1743117127777 0.0010000000474974513 28
1743117667316 0.0010000000474974513 29
1743118203096 0.0010000000474974513 30
1743118744031 0.0010000000474974513 31
1743119351548 0.0010000000474974513 32
1743119889139 0.0010000000474974513 33
1743120427321 0.0010000000474974513 34
1743121047778 0.0010000000474974513 35
1743121537825 0.0010000000474974513 36
1743122026281 0.0010000000474974513 37
1743122523184 0.0010000000474974513 38
1743123012056 0.0010000000474974513 39
1743123560851 0.0010000000474974513 40
1743124052613 0.0010000000474974513 41
1743124542870 0.0010000000474974513 42
1743125032895 0.0010000000474974513 43
1743125522721 0.0010000000474974513 44
1743126012590 0.0010000000474974513 45
1743126500583 0.0010000000474974513 46
1743126992480 0.0010000000474974513 47
1743127480729 0.0010000000474974513 48
1743127976254 0.0010000000474974513 49
1743128700209 0.0010000000474974513 50
1743129431935 0.0010000000474974513 51
1743130415125 0.0010000000474974513 52
1743131249019 0.0010000000474974513 53
1743132163450 0.0010000000474974513 54
1743132967536 0.0010000000474974513 55
1743133462251 0.0010000000474974513 56
1743133992012 0.0010000000474974513 57
