0 0.23515625 0.2881944444444444 0.0359375 0.0625
0 0.259765625 0.2902777777777778 0.03515625 0.06666666666666667
0 0.286328125 0.2902777777777778 0.03359375 0.06666666666666667
0 0.3109375 0.28888888888888886 0.0359375 0.06666666666666667
0 0.336328125 0.29097222222222224 0.03359375 0.0625
0 0.3765625 0.2875 0.0328125 0.06388888888888888
0 0.404296875 0.2881944444444444 0.02734375 0.059722222222222225
0 0.430078125 0.2902777777777778 0.02578125 0.06388888888888888
0 0.4546875 0.2875 0.0265625 0.06388888888888888
0 0.48125 0.28888888888888886 0.028125 0.06111111111111111
0 0.50625 0.28680555555555554 0.025 0.05416666666666667
0 0.5328125 0.28680555555555554 0.0265625 0.05694444444444444
0 0.5609375 0.28194444444444444 0.025 0.05277777777777778
0 0.588671875 0.2826388888888889 0.02890625 0.059722222222222225
0 0.61796875 0.2826388888888889 0.025 0.059722222222222225
0 0.644140625 0.28125 0.02734375 0.05416666666666667
0 0.673046875 0.28125 0.02734375 0.05416666666666667
0 0.701171875 0.27847222222222223 0.02734375 0.05138888888888889
0 0.731640625 0.28055555555555556 0.03046875 0.05555555555555555
0 0.7609375 0.27708333333333335 0.028125 0.0625
0 0.78671875 0.27708333333333335 0.03125 0.05416666666666667
0 0.81640625 0.2743055555555556 0.0359375 0.0625
0 0.19765625 0.40069444444444446 0.0421875 0.059722222222222225
0 0.223046875 0.3993055555555556 0.04140625 0.0625
0 0.249609375 0.4013888888888889 0.03828125 0.06388888888888888
0 0.281640625 0.4013888888888889 0.03984375 0.058333333333333334
0 0.312890625 0.4027777777777778 0.03671875 0.06111111111111111
0 0.350390625 0.40208333333333335 0.03515625 0.05694444444444444
0 0.375390625 0.4013888888888889 0.03515625 0.06111111111111111
0 0.409765625 0.3958333333333333 0.03359375 0.058333333333333334
0 0.436328125 0.39791666666666664 0.03359375 0.05694444444444444
0 0.465234375 0.39652777777777776 0.03515625 0.0625
0 0.495703125 0.3958333333333333 0.03203125 0.06111111111111111
0 0.521875 0.39652777777777776 0.03125 0.059722222222222225
0 0.553125 0.3951388888888889 0.0296875 0.06805555555555555
0 0.58359375 0.39652777777777776 0.0296875 0.059722222222222225
0 0.61328125 0.39305555555555555 0.034375 0.06388888888888888
0 0.647265625 0.3888888888888889 0.03046875 0.07222222222222222
0 0.67890625 0.39375 0.03125 0.07361111111111111
0 0.709375 0.38958333333333334 0.0359375 0.07361111111111111
0 0.741015625 0.39166666666666666 0.03203125 0.06944444444444445
0 0.7734375 0.39166666666666666 0.0375 0.075
0 0.806640625 0.3909722222222222 0.03359375 0.07083333333333333
0 0.839453125 0.39166666666666666 0.03671875 0.06666666666666667
0 0.176171875 0.4618055555555556 0.03671875 0.07916666666666666
0 0.205078125 0.4638888888888889 0.04453125 0.08055555555555556
0 0.232421875 0.4597222222222222 0.03984375 0.08333333333333333
0 0.26015625 0.4673611111111111 0.040625 0.07916666666666666
0 0.291015625 0.4652777777777778 0.03671875 0.08055555555555556
0 0.335546875 0.46875 0.03046875 0.08472222222222223
0 0.3671875 0.4666666666666667 0.0421875 0.08333333333333333
0 0.39453125 0.46805555555555556 0.0375 0.07777777777777778
0 0.42734375 0.4638888888888889 0.0375 0.08333333333333333
0 0.456640625 0.46805555555555556 0.03046875 0.075
0 0.48984375 0.46805555555555556 0.0328125 0.075
0 0.51875 0.46875 0.0328125 0.07083333333333333
0 0.55234375 0.46597222222222223 0.0265625 0.07083333333333333
0 0.582421875 0.4673611111111111 0.03203125 0.07083333333333333
0 0.613671875 0.4666666666666667 0.02890625 0.07222222222222222
0 0.646875 0.4638888888888889 0.03125 0.07222222222222222
0 0.68046875 0.4673611111111111 0.03125 0.07083333333333333
0 0.71171875 0.4652777777777778 0.0359375 0.06666666666666667
0 0.74609375 0.46597222222222223 0.0328125 0.07361111111111111
0 0.77890625 0.46319444444444446 0.0390625 0.07361111111111111
0 0.812109375 0.46597222222222223 0.03515625 0.06805555555555555
0 0.8484375 0.4597222222222222 0.0421875 0.075
0 0.121875 0.6152777777777778 0.0453125 0.08333333333333333
0 0.1515625 0.6180555555555556 0.0453125 0.07777777777777778
0 0.187109375 0.61875 0.04453125 0.07916666666666666
0 0.219140625 0.6166666666666667 0.04140625 0.07777777777777778
0 0.2515625 0.6222222222222222 0.0421875 0.075
0 0.30234375 0.61875 0.0390625 0.07083333333333333
0 0.33671875 0.6166666666666667 0.040625 0.07777777777777778
0 0.37265625 0.6201388888888889 0.0484375 0.08472222222222223
0 0.405078125 0.6201388888888889 0.04140625 0.07916666666666666
0 0.438671875 0.6236111111111111 0.04140625 0.08055555555555556
0 0.47109375 0.6222222222222222 0.0359375 0.08055555555555556
0 0.506640625 0.6243055555555556 0.03671875 0.0875
0 0.54140625 0.6208333333333333 0.0375 0.07777777777777778
0 0.57890625 0.6222222222222222 0.0359375 0.08611111111111111
0 0.6140625 0.6201388888888889 0.0359375 0.08194444444444444
0 0.651953125 0.6256944444444444 0.03671875 0.08194444444444444
0 0.689453125 0.6277777777777778 0.04140625 0.08333333333333333
0 0.7265625 0.6256944444444444 0.0421875 0.08194444444444444
0 0.7640625 0.625 0.040625 0.08888888888888889
0 0.801171875 0.6277777777777778 0.04453125 0.09166666666666666
0 0.837109375 0.6236111111111111 0.04140625 0.08888888888888889
0 0.875 0.6215277777777778 0.0484375 0.0875
0 0.059375 0.7333333333333333 0.053125 0.075
0 0.095703125 0.7368055555555556 0.05546875 0.08472222222222223
0 0.1375 0.7388888888888889 0.0546875 0.08611111111111111
0 0.1765625 0.7388888888888889 0.059375 0.08888888888888889
0 0.219140625 0.7368055555555556 0.05390625 0.09305555555555556
0 0.25703125 0.7368055555555556 0.053125 0.0875
0 0.300390625 0.7354166666666667 0.05234375 0.07916666666666666
1 0.344921875 0.7395833333333334 0.05234375 0.07916666666666666
0 0.3859375 0.7458333333333333 0.0515625 0.08333333333333333
0 0.429296875 0.7409722222222223 0.04921875 0.08194444444444444
0 0.470703125 0.7444444444444445 0.04140625 0.08611111111111111
0 0.510546875 0.7479166666666667 0.04609375 0.0875