1 0.508984375 0.8875 0.11640625 0.19166666666666668
1 0.551171875 0.7875 0.11953125 0.17222222222222222
1 0.572265625 0.6715277777777777 0.10390625 0.15694444444444444
1 0.595703125 0.5729166666666666 0.09609375 0.12638888888888888
1 0.604296875 0.48819444444444443 0.09296875 0.10694444444444444
1 0.62734375 0.4166666666666667 0.0875 0.09444444444444444
1 0.639453125 0.35555555555555557 0.07890625 0.08055555555555556
1 0.654296875 0.3104166666666667 0.07578125 0.07083333333333333
1 0.66875 0.275 0.071875 0.06666666666666667
1 0.3671875 0.9034722222222222 0.1453125 0.16805555555555557
1 0.503515625 0.49166666666666664 0.09765625 0.09444444444444444
1 0.537109375 0.41458333333333336 0.08515625 0.07916666666666666
1 0.541796875 0.3638888888888889 0.08828125 0.07222222222222222
0 0.573046875 0.31527777777777777 0.07890625 0.06388888888888888
1 0.576171875 0.26944444444444443 0.07578125 0.058333333333333334
1 0.240234375 0.4618055555555556 0.07109375 0.11527777777777778
0 0.283203125 0.39861111111111114 0.06171875 0.10277777777777777
1 0.315234375 0.3451388888888889 0.06484375 0.09583333333333334
1 0.353125 0.3020833333333333 0.0609375 0.07916666666666666
1 0.376953125 0.2548611111111111 0.06015625 0.07916666666666666
1 0.401171875 0.22569444444444445 0.05078125 0.0763888888888889
1 0.10234375 0.5006944444444444 0.071875 0.13194444444444445
1 0.15546875 0.42777777777777776 0.0765625 0.12222222222222222
1 0.203515625 0.37777777777777777 0.06953125 0.11388888888888889
1 0.247265625 0.33611111111111114 0.06484375 0.09166666666666666
1 0.280859375 0.28958333333333336 0.05703125 0.08472222222222223
1 0.313671875 0.2548611111111111 0.05546875 0.07916666666666666
1 0.34140625 0.21944444444444444 0.05625 0.08055555555555556