1 0.5661057692307693 0.8653846153846154 0.12620192307692307 0.20673076923076922
1 0.6057692307692307 0.7199519230769231 0.11538461538461539 0.1875
1 0.6346153846153846 0.6237980769230769 0.10336538461538461 0.13942307692307693
1 0.6526442307692307 0.5228365384615384 0.10096153846153846 0.14903846153846154
1 0.6754807692307693 0.4519230769230769 0.08413461538461539 0.11899038461538461
1 0.6911057692307693 0.375 0.0829326923076923 0.10817307692307693
0 0.7055288461538461 0.31850961538461536 0.08173076923076923 0.0985576923076923
1 0.7235576923076923 0.27163461538461536 0.08173076923076923 0.0829326923076923
1 0.734375 0.22596153846153846 0.06610576923076923 0.07211538461538461
1 0.4362980769230769 0.8665865384615384 0.13942307692307693 0.16947115384615385
1 0.5757211538461539 0.4362980769230769 0.09254807692307693 0.09254807692307693
1 0.6009615384615384 0.3762019230769231 0.09014423076923077 0.07932692307692307
1 0.6201923076923077 0.3137019230769231 0.09134615384615384 0.078125
1 0.6358173076923077 0.2644230769230769 0.08413461538461539 0.0625
0 0.6574519230769231 0.22235576923076922 0.06850961538461539 0.051682692307692304
1 0.3125 0.40024038461538464 0.06009615384615385 0.10697115384615384
1 0.34975961538461536 0.3425480769230769 0.06129807692307692 0.09254807692307693
1 0.3870192307692308 0.2956730769230769 0.05889423076923077 0.09254807692307693
1 0.41586538461538464 0.24639423076923078 0.057692307692307696 0.07451923076923077
0 0.44350961538461536 0.20552884615384615 0.05889423076923077 0.078125
1 0.4675480769230769 0.17307692307692307 0.056490384615384616 0.07091346153846154
1 0.18028846153846154 0.44350961538461536 0.06490384615384616 0.12379807692307693
1 0.2283653846153846 0.3858173076923077 0.06370192307692307 0.10096153846153846
1 0.2764423076923077 0.3293269230769231 0.05889423076923077 0.09615384615384616
1 0.3125 0.2764423076923077 0.054086538461538464 0.08052884615384616
1 0.3473557692307692 0.23677884615384615 0.055288461538461536 0.08413461538461539
1 0.3798076923076923 0.203125 0.056490384615384616 0.07932692307692307
0 0.40865384615384615 0.17067307692307693 0.04927884615384615 0.06971153846153846