1 0.5084134615384616 0.8870192307692307 0.11658653846153846 0.19110576923076922
1 0.5516826923076923 0.7872596153846154 0.11899038461538461 0.171875
1 0.5721153846153846 0.671875 0.10336538461538461 0.15745192307692307
1 0.5961538461538461 0.5733173076923077 0.09615384615384616 0.12620192307692307
0 0.6045673076923077 0.4879807692307692 0.09254807692307693 0.10697115384615384
0 0.6274038461538461 0.4170673076923077 0.08774038461538461 0.09495192307692307
1 0.6394230769230769 0.3557692307692308 0.07932692307692307 0.08052884615384616
1 0.6538461538461539 0.31009615384615385 0.07572115384615384 0.07091346153846154
1 0.6682692307692307 0.27524038461538464 0.07211538461538461 0.06610576923076923
1 0.36778846153846156 0.9038461538461539 0.14543269230769232 0.16826923076923078
0 0.5036057692307693 0.49158653846153844 0.09735576923076923 0.09495192307692307
1 0.5372596153846154 0.41466346153846156 0.08533653846153846 0.07932692307692307
1 0.5420673076923077 0.3641826923076923 0.08774038461538461 0.07211538461538461
1 0.5733173076923077 0.31490384615384615 0.07932692307692307 0.06370192307692307
0 0.5757211538461539 0.2692307692307692 0.07572115384615384 0.05889423076923077
1 0.2403846153846154 0.46153846153846156 0.07091346153846154 0.11538461538461539
1 0.28365384615384615 0.39903846153846156 0.06129807692307692 0.10336538461538461
1 0.31490384615384615 0.3449519230769231 0.06490384615384616 0.09615384615384616
1 0.35336538461538464 0.3016826923076923 0.06129807692307692 0.07932692307692307
1 0.37740384615384615 0.2548076923076923 0.06009615384615385 0.07932692307692307
1 0.4014423076923077 0.22596153846153846 0.05048076923076923 0.07692307692307693
0 0.10216346153846154 0.5012019230769231 0.07211538461538461 0.13221153846153846
1 0.15504807692307693 0.42788461538461536 0.07692307692307693 0.12259615384615384
1 0.203125 0.37740384615384615 0.06971153846153846 0.1141826923076923
1 0.24759615384615385 0.33653846153846156 0.06490384615384616 0.09134615384615384
1 0.28125 0.28966346153846156 0.056490384615384616 0.08413461538461539
1 0.3137019230769231 0.2548076923076923 0.055288461538461536 0.07932692307692307
1 0.34134615384615385 0.21995192307692307 0.056490384615384616 0.08052884615384616