1 0.5396634615384616 0.8197115384615384 0.1310096153846154 0.1778846153846154
0 0.4831730769230769 0.6790865384615384 0.11899038461538461 0.13942307692307693
0 0.4362980769230769 0.5709134615384616 0.10576923076923077 0.125
0 0.39783653846153844 0.4795673076923077 0.09975961538461539 0.1141826923076923
0 0.3641826923076923 0.3942307692307692 0.09014423076923077 0.0889423076923077
0 0.34375 0.31971153846153844 0.08774038461538461 0.09014423076923077
1 0.31009615384615385 0.2548076923076923 0.08413461538461539 0.07692307692307693
0 0.2848557692307692 0.19591346153846154 0.07572115384615384 0.078125
0 0.27163461538461536 0.14903846153846154 0.07211538461538461 0.06370192307692307
0 0.2512019230769231 0.10336538461538461 0.0673076923076923 0.06370192307692307
1 0.6225961538461539 0.7283653846153846 0.10576923076923077 0.12740384615384615
1 0.5504807692307693 0.6129807692307693 0.11057692307692307 0.12259615384615384
1 0.5180288461538461 0.5036057692307693 0.09495192307692307 0.10817307692307693
0 0.47475961538461536 0.41586538461538464 0.10096153846153846 0.09735576923076923
0 0.44471153846153844 0.3425480769230769 0.09495192307692307 0.08413461538461539
1 0.41466346153846156 0.27163461538461536 0.09014423076923077 0.08052884615384616
0 0.3858173076923077 0.21754807692307693 0.07692307692307693 0.06850961538461539
0 0.359375 0.15985576923076922 0.08653846153846154 0.07692307692307693
0 0.33413461538461536 0.11778846153846154 0.06971153846153846 0.055288461538461536
0 0.3076923076923077 0.07692307692307693 0.06971153846153846 0.056490384615384616
1 0.8846153846153846 0.5288461538461539 0.07692307692307693 0.11057692307692307
1 0.8161057692307693 0.43149038461538464 0.0625 0.11057692307692307
1 0.7608173076923077 0.36778846153846156 0.06129807692307692 0.11658653846153846
1 0.7067307692307693 0.30288461538461536 0.06490384615384616 0.09735576923076923
0 0.6586538461538461 0.23798076923076922 0.06490384615384616 0.09495192307692307
1 0.6213942307692307 0.19110576923076922 0.056490384615384616 0.09495192307692307
0 0.5829326923076923 0.13942307692307693 0.05889423076923077 0.08173076923076923
0 0.5528846153846154 0.1045673076923077 0.05889423076923077 0.08413461538461539
0 0.5204326923076923 0.06009615384615385 0.057692307692307696 0.09254807692307693
1 0.9375 0.4543269230769231 0.09495192307692307 0.09735576923076923
1 0.8725961538461539 0.36538461538461536 0.08173076923076923 0.09014423076923077
0 0.8197115384615384 0.2956730769230769 0.08774038461538461 0.07692307692307693
1 0.7632211538461539 0.22956730769230768 0.07932692307692307 0.07091346153846154
0 0.7115384615384616 0.17668269230769232 0.06850961538461539 0.0625
0 0.6778846153846154 0.12740384615384615 0.07572115384615384 0.06610576923076923
0 0.6382211538461539 0.08774038461538461 0.06129807692307692 0.056490384615384616
0 0.6069711538461539 0.04567307692307692 0.06971153846153846 0.056490384615384616
1 0.9002403846153846 0.16466346153846154 0.04567307692307692 0.09615384615384616
1 0.8497596153846154 0.11778846153846154 0.04807692307692308 0.07932692307692307
1 0.8064903846153846 0.08413461538461539 0.05048076923076923 0.07692307692307693