1743095958823 70170.2890625 0
1743095986466 60310.87109375 1
1743096021652 58217.86328125 2
1743096049095 57072.65625 3
1743096076673 56063.4609375 4
1743096104802 55101.109375 5
1743096130816 54165.86328125 6
1743096159470 53249.48828125 7
1743096187837 52349.19140625 8
1743096214036 51463.640625 9
1743096240321 50592.19140625 10
1743096266138 49734.36328125 11
1743096293302 48889.51171875 12
1743096319933 48058.65234375 13
1743096345945 47240.13671875 14
1743096373037 46435.03125 15
1743096399817 45643.35546875 16
1743096426092 44864.23828125 17
1743096452030 44097.60546875 18
1743096477845 43343.98046875 19
1743096505070 42602.85546875 20
1743096585392 41873.9375 21
1743096612191 41157.37109375 22
1743096639573 40452.80078125 23
1743096666557 39760.4375 24
1743096692857 39080.11328125 25
1743096724690 38411.65625 26
