1743095958823 0.0010000000474974513 0
1743095986466 0.0010000000474974513 1
1743096021652 0.0010000000474974513 2
1743096049095 0.0010000000474974513 3
1743096076673 0.0010000000474974513 4
1743096104802 0.0010000000474974513 5
1743096130816 0.0010000000474974513 6
1743096159470 0.0010000000474974513 7
1743096187837 0.0010000000474974513 8
1743096214036 0.0010000000474974513 9
1743096240321 0.0010000000474974513 10
1743096266138 0.0010000000474974513 11
1743096293302 0.0010000000474974513 12
1743096319933 0.0010000000474974513 13
1743096345945 0.0010000000474974513 14
1743096373037 0.0010000000474974513 15
1743096399817 0.0010000000474974513 16
1743096426092 0.0010000000474974513 17
1743096452030 0.0010000000474974513 18
1743096477845 0.0010000000474974513 19
1743096505070 0.0010000000474974513 20
1743096585392 0.0010000000474974513 21
1743096612191 0.0010000000474974513 22
1743096639573 0.0010000000474974513 23
1743096666557 0.0010000000474974513 24
1743096692857 0.0010000000474974513 25
1743096724690 0.0010000000474974513 26
1743096752891 0.0010000000474974513 27
1743096782027 0.0010000000474974513 28
1743096810223 0.0010000000474974513 29
1743096837769 0.0010000000474974513 30
1743096864670 0.0010000000474974513 31
1743096890931 0.0010000000474974513 32
1743096917030 0.0010000000474974513 33
1743096943416 0.0010000000474974513 34
1743096969112 0.0010000000474974513 35
1743096995784 0.0010000000474974513 36
1743097022695 0.0010000000474974513 37
1743097062976 0.0010000000474974513 38
1743097089092 0.0010000000474974513 39
1743097115580 0.0010000000474974513 40
1743097141541 0.0010000000474974513 41
1743097167911 0.0010000000474974513 42
1743097193647 0.0010000000474974513 43
1743097219750 0.0010000000474974513 44
1743097245732 0.0010000000474974513 45
1743097272433 0.0010000000474974513 46
1743097299010 0.0010000000474974513 47
1743097327634 0.0010000000474974513 48
1743097355109 0.0010000000474974513 49
1743097381005 0.0010000000474974513 50
1743097407362 0.0010000000474974513 51
1743097435955 0.0010000000474974513 52
1743097489816 0.0010000000474974513 53
1743097516232 0.0010000000474974513 54
1743097544360 0.0010000000474974513 55
1743097570248 0.0010000000474974513 56
1743097598747 0.0010000000474974513 57
1743097624298 0.0010000000474974513 58
1743097650339 0.0010000000474974513 59
1743097676170 0.0010000000474974513 60
1743097703050 0.0010000000474974513 61
1743097729016 0.0010000000474974513 62
1743097755676 0.0010000000474974513 63
1743097782338 0.0010000000474974513 64
1743097808449 0.0010000000474974513 65
1743097834610 0.0010000000474974513 66
1743097860530 0.0010000000474974513 67
1743097886645 0.0010000000474974513 68
1743097912112 0.0010000000474974513 69
1743097937538 0.0010000000474974513 70
1743097963209 0.0010000000474974513 71
1743097990201 0.0010000000474974513 72
1743098015769 0.0010000000474974513 73
1743098041612 0.0010000000474974513 74
1743098066926 0.0010000000474974513 75
1743098093091 0.0010000000474974513 76
1743098120726 0.0010000000474974513 77
1743098146691 0.0010000000474974513 78
1743098174242 0.0010000000474974513 79
1743098202095 0.0010000000474974513 80
1743098227683 0.0010000000474974513 81
1743098254108 0.0010000000474974513 82
1743098280621 0.0010000000474974513 83
1743098308060 0.0010000000474974513 84
1743098333717 0.0010000000474974513 85
1743098360134 0.0010000000474974513 86
1743098385990 0.0010000000474974513 87
1743098412390 0.0010000000474974513 88
1743098438283 0.0010000000474974513 89
1743098464430 0.0010000000474974513 90
1743098491950 0.0010000000474974513 91
1743098517985 0.0010000000474974513 92
1743098544925 0.0010000000474974513 93
1743098570871 0.0010000000474974513 94
1743098596854 0.0010000000474974513 95
1743098622650 0.0010000000474974513 96
1743098648282 0.0010000000474974513 97
1743098674811 0.0010000000474974513 98
1743098700393 0.0010000000474974513 99
1743098725807 0.0010000000474974513 100
1743098751895 0.0010000000474974513 101
1743098777446 0.0010000000474974513 102
1743098803586 0.0010000000474974513 103
1743098830228 0.0010000000474974513 104
1743098856572 0.0010000000474974513 105
1743098882648 0.0010000000474974513 106
1743098908856 0.0010000000474974513 107
1743098934598 0.0010000000474974513 108
1743098960239 0.0010000000474974513 109
1743098985943 0.0010000000474974513 110
1743099011729 0.0010000000474974513 111
1743099037536 0.0010000000474974513 112
1743099063584 0.0010000000474974513 113
1743099089320 0.0010000000474974513 114
1743099115038 0.0010000000474974513 115
1743099140662 0.0010000000474974513 116
1743099166387 0.0010000000474974513 117
1743099192563 0.0010000000474974513 118
1743099218076 0.0010000000474974513 119
1743099243334 0.0010000000474974513 120
1743099269225 0.0010000000474974513 121
1743099309285 0.0010000000474974513 122
1743099334995 0.0010000000474974513 123
1743099360756 0.0010000000474974513 124
1743099386061 0.0010000000474974513 125
1743099411838 0.0010000000474974513 126
1743099438544 0.0010000000474974513 127
1743099464161 0.0010000000474974513 128
1743099490079 0.0010000000474974513 129
1743099516035 0.0010000000474974513 130
1743099541631 0.0010000000474974513 131
1743099567398 0.0010000000474974513 132
1743099592750 0.0010000000474974513 133
1743099618893 0.0010000000474974513 134
1743099681150 0.0010000000474974513 135
1743099706383 0.0010000000474974513 136
1743099732796 0.0010000000474974513 137
1743099759446 0.0010000000474974513 138
1743099785569 0.0010000000474974513 139
1743099811795 0.0010000000474974513 140
1743099838214 0.0010000000474974513 141
1743099863823 0.0010000000474974513 142
1743099889641 0.0010000000474974513 143
1743099916036 0.0010000000474974513 144
1743099941637 0.0010000000474974513 145
1743099967101 0.0010000000474974513 146
1743099993262 0.0010000000474974513 147
1743100019021 0.0010000000474974513 148
1743100044476 0.0010000000474974513 149
1743100070455 0.0010000000474974513 150
1743100097121 0.0010000000474974513 151
1743100122694 0.0010000000474974513 152
1743100149984 0.0010000000474974513 153
1743100179137 0.0010000000474974513 154
1743100210475 0.0010000000474974513 155
1743100238222 0.0010000000474974513 156
1743100308758 0.0010000000474974513 157
1743100347303 0.0010000000474974513 158
1743100373303 0.0010000000474974513 159
1743100400504 0.0010000000474974513 160
1743100426171 0.0010000000474974513 161
1743100452105 0.0010000000474974513 162
1743100485881 0.0010000000474974513 163
1743100516489 0.0010000000474974513 164
1743100543361 0.0010000000474974513 165
1743100572513 0.0010000000474974513 166
